{"cells":[{"cell_type":"markdown","metadata":{"id":"Rm1DKmXZM-Ja"},"source":["# Problem 1\n","\n","Fizikte, bir nesnenin sabit ivmeyle hareket ederken son hızını \n","(veya hızını) bulmak için aşağıdaki denklem kullanılabilir:\n","```\n","vf = vi + at\n","burada:\n","vf= son hız\n","vi= ilk hız\n","a= hızlanma\n","t= zaman\n","```\n","İlk hız, ivme ve zaman verildiğinde, son hızı döndürecek bir fonksiyon yazın."]},{"cell_type":"code","execution_count":1,"metadata":{"id":"vWrjJiV0M-Jk"},"outputs":[{"name":"stdout","output_type":"stream","text":["son hız 65.0\n"]}],"source":["vi= float(input(\"İlk hızı giriniz:\"))\n","a=float(input(\"ivmeyi giriniz:\"))\n","t=float(input(\"zamanı giriniz:\"))\n","def sonHız(ilkHız, ivme, zaman):\n","    vf= ilkHız+ (ivme*zaman)\n","    print(\"son hız\", vf)\n","sonHız(vi, a , t)"]},{"cell_type":"markdown","metadata":{"id":"uAHpyY5HM-Jq"},"source":["# Problem 2\n","\n","1'den 1000'e kadar olan sayılardan mükemmel sayı olanları ekrana yazdırın. Bunun için bir sayının mükemmel olup olmadığını dönen bir tane fonksiyon yazın.\n","\n","Bir sayının bölenlerinin toplamı kendine eşitse bu sayı mükemmel bir sayıdır. Örnek olarak 6 mükemmel bir sayıdır (1 + 2 + 3 = 6)."]},{"cell_type":"code","execution_count":7,"metadata":{"id":"yrY4Y5ncM-Jr"},"outputs":[{"name":"stdout","output_type":"stream","text":["mükemmel sayı 6\n","mükemmel sayı 28\n","mükemmel sayı 496\n"]}],"source":["def mukemmelSayı(sayı):\n","    toplam=0\n","    for i in range(1,sayı):\n","        if (sayı%i==0):\n","            toplam +=i\n","    return toplam==sayı\n","\n","for i in range(1,1001):\n","    if (mukemmelSayı(i)):\n","        print(\"mükemmel sayı\",i)"]},{"cell_type":"markdown","metadata":{"id":"C2-XwlJtM-Jr"},"source":["# Problem 3\n","\n","1'den 100'e kadar olan sayılardan pisagor üçgeni oluşturanları ekrana yazdıran bir fonksiyon yazın.(a <= 100,b <= 100)\n"]},{"cell_type":"code","execution_count":5,"metadata":{"id":"BMNy4xi-M-Js"},"outputs":[{"name":"stdout","output_type":"stream","text":["(1, 1, 1)\n","(1, 3, 5)\n","(1, 5, 13)\n","(1, 7, 25)\n","(1, 9, 41)\n","(1, 11, 61)\n","(1, 13, 85)\n","(1, 15, 113)\n","(1, 17, 145)\n","(1, 19, 181)\n","(1, 21, 221)\n","(1, 23, 265)\n","(1, 25, 313)\n","(1, 27, 365)\n","(1, 29, 421)\n","(1, 31, 481)\n","(1, 33, 545)\n","(1, 35, 613)\n","(1, 37, 685)\n","(1, 39, 761)\n","(1, 41, 841)\n","(1, 43, 925)\n","(1, 45, 1013)\n","(1, 47, 1105)\n","(1, 49, 1201)\n","(1, 51, 1301)\n","(1, 53, 1405)\n","(1, 55, 1513)\n","(1, 57, 1625)\n","(1, 59, 1741)\n","(1, 61, 1861)\n","(1, 63, 1985)\n","(1, 65, 2113)\n","(1, 67, 2245)\n","(1, 69, 2381)\n","(1, 71, 2521)\n","(1, 73, 2665)\n","(1, 75, 2813)\n","(1, 77, 2965)\n","(1, 79, 3121)\n","(1, 81, 3281)\n","(1, 83, 3445)\n","(1, 85, 3613)\n","(1, 87, 3785)\n","(1, 89, 3961)\n","(1, 91, 4141)\n","(1, 93, 4325)\n","(1, 95, 4513)\n","(1, 97, 4705)\n","(1, 99, 4901)\n","(2, 2, 4)\n","(2, 4, 10)\n","(2, 6, 20)\n","(2, 8, 34)\n","(2, 10, 52)\n","(2, 12, 74)\n","(2, 14, 100)\n","(2, 16, 130)\n","(2, 18, 164)\n","(2, 20, 202)\n","(2, 22, 244)\n","(2, 24, 290)\n","(2, 26, 340)\n","(2, 28, 394)\n","(2, 30, 452)\n","(2, 32, 514)\n","(2, 34, 580)\n","(2, 36, 650)\n","(2, 38, 724)\n","(2, 40, 802)\n","(2, 42, 884)\n","(2, 44, 970)\n","(2, 46, 1060)\n","(2, 48, 1154)\n","(2, 50, 1252)\n","(2, 52, 1354)\n","(2, 54, 1460)\n","(2, 56, 1570)\n","(2, 58, 1684)\n","(2, 60, 1802)\n","(2, 62, 1924)\n","(2, 64, 2050)\n","(2, 66, 2180)\n","(2, 68, 2314)\n","(2, 70, 2452)\n","(2, 72, 2594)\n","(2, 74, 2740)\n","(2, 76, 2890)\n","(2, 78, 3044)\n","(2, 80, 3202)\n","(2, 82, 3364)\n","(2, 84, 3530)\n","(2, 86, 3700)\n","(2, 88, 3874)\n","(2, 90, 4052)\n","(2, 92, 4234)\n","(2, 94, 4420)\n","(2, 96, 4610)\n","(2, 98, 4804)\n","(2, 100, 5002)\n","(3, 1, 5)\n","(3, 3, 9)\n","(3, 5, 17)\n","(3, 7, 29)\n","(3, 9, 45)\n","(3, 11, 65)\n","(3, 13, 89)\n","(3, 15, 117)\n","(3, 17, 149)\n","(3, 19, 185)\n","(3, 21, 225)\n","(3, 23, 269)\n","(3, 25, 317)\n","(3, 27, 369)\n","(3, 29, 425)\n","(3, 31, 485)\n","(3, 33, 549)\n","(3, 35, 617)\n","(3, 37, 689)\n","(3, 39, 765)\n","(3, 41, 845)\n","(3, 43, 929)\n","(3, 45, 1017)\n","(3, 47, 1109)\n","(3, 49, 1205)\n","(3, 51, 1305)\n","(3, 53, 1409)\n","(3, 55, 1517)\n","(3, 57, 1629)\n","(3, 59, 1745)\n","(3, 61, 1865)\n","(3, 63, 1989)\n","(3, 65, 2117)\n","(3, 67, 2249)\n","(3, 69, 2385)\n","(3, 71, 2525)\n","(3, 73, 2669)\n","(3, 75, 2817)\n","(3, 77, 2969)\n","(3, 79, 3125)\n","(3, 81, 3285)\n","(3, 83, 3449)\n","(3, 85, 3617)\n","(3, 87, 3789)\n","(3, 89, 3965)\n","(3, 91, 4145)\n","(3, 93, 4329)\n","(3, 95, 4517)\n","(3, 97, 4709)\n","(3, 99, 4905)\n","(4, 2, 10)\n","(4, 4, 16)\n","(4, 6, 26)\n","(4, 8, 40)\n","(4, 10, 58)\n","(4, 12, 80)\n","(4, 14, 106)\n","(4, 16, 136)\n","(4, 18, 170)\n","(4, 20, 208)\n","(4, 22, 250)\n","(4, 24, 296)\n","(4, 26, 346)\n","(4, 28, 400)\n","(4, 30, 458)\n","(4, 32, 520)\n","(4, 34, 586)\n","(4, 36, 656)\n","(4, 38, 730)\n","(4, 40, 808)\n","(4, 42, 890)\n","(4, 44, 976)\n","(4, 46, 1066)\n","(4, 48, 1160)\n","(4, 50, 1258)\n","(4, 52, 1360)\n","(4, 54, 1466)\n","(4, 56, 1576)\n","(4, 58, 1690)\n","(4, 60, 1808)\n","(4, 62, 1930)\n","(4, 64, 2056)\n","(4, 66, 2186)\n","(4, 68, 2320)\n","(4, 70, 2458)\n","(4, 72, 2600)\n","(4, 74, 2746)\n","(4, 76, 2896)\n","(4, 78, 3050)\n","(4, 80, 3208)\n","(4, 82, 3370)\n","(4, 84, 3536)\n","(4, 86, 3706)\n","(4, 88, 3880)\n","(4, 90, 4058)\n","(4, 92, 4240)\n","(4, 94, 4426)\n","(4, 96, 4616)\n","(4, 98, 4810)\n","(4, 100, 5008)\n","(5, 1, 13)\n","(5, 3, 17)\n","(5, 5, 25)\n","(5, 7, 37)\n","(5, 9, 53)\n","(5, 11, 73)\n","(5, 13, 97)\n","(5, 15, 125)\n","(5, 17, 157)\n","(5, 19, 193)\n","(5, 21, 233)\n","(5, 23, 277)\n","(5, 25, 325)\n","(5, 27, 377)\n","(5, 29, 433)\n","(5, 31, 493)\n","(5, 33, 557)\n","(5, 35, 625)\n","(5, 37, 697)\n","(5, 39, 773)\n","(5, 41, 853)\n","(5, 43, 937)\n","(5, 45, 1025)\n","(5, 47, 1117)\n","(5, 49, 1213)\n","(5, 51, 1313)\n","(5, 53, 1417)\n","(5, 55, 1525)\n","(5, 57, 1637)\n","(5, 59, 1753)\n","(5, 61, 1873)\n","(5, 63, 1997)\n","(5, 65, 2125)\n","(5, 67, 2257)\n","(5, 69, 2393)\n","(5, 71, 2533)\n","(5, 73, 2677)\n","(5, 75, 2825)\n","(5, 77, 2977)\n","(5, 79, 3133)\n","(5, 81, 3293)\n","(5, 83, 3457)\n","(5, 85, 3625)\n","(5, 87, 3797)\n","(5, 89, 3973)\n","(5, 91, 4153)\n","(5, 93, 4337)\n","(5, 95, 4525)\n","(5, 97, 4717)\n","(5, 99, 4913)\n","(6, 2, 20)\n","(6, 4, 26)\n","(6, 6, 36)\n","(6, 8, 50)\n","(6, 10, 68)\n","(6, 12, 90)\n","(6, 14, 116)\n","(6, 16, 146)\n","(6, 18, 180)\n","(6, 20, 218)\n","(6, 22, 260)\n","(6, 24, 306)\n","(6, 26, 356)\n","(6, 28, 410)\n","(6, 30, 468)\n","(6, 32, 530)\n","(6, 34, 596)\n","(6, 36, 666)\n","(6, 38, 740)\n","(6, 40, 818)\n","(6, 42, 900)\n","(6, 44, 986)\n","(6, 46, 1076)\n","(6, 48, 1170)\n","(6, 50, 1268)\n","(6, 52, 1370)\n","(6, 54, 1476)\n","(6, 56, 1586)\n","(6, 58, 1700)\n","(6, 60, 1818)\n","(6, 62, 1940)\n","(6, 64, 2066)\n","(6, 66, 2196)\n","(6, 68, 2330)\n","(6, 70, 2468)\n","(6, 72, 2610)\n","(6, 74, 2756)\n","(6, 76, 2906)\n","(6, 78, 3060)\n","(6, 80, 3218)\n","(6, 82, 3380)\n","(6, 84, 3546)\n","(6, 86, 3716)\n","(6, 88, 3890)\n","(6, 90, 4068)\n","(6, 92, 4250)\n","(6, 94, 4436)\n","(6, 96, 4626)\n","(6, 98, 4820)\n","(6, 100, 5018)\n","(7, 1, 25)\n","(7, 3, 29)\n","(7, 5, 37)\n","(7, 7, 49)\n","(7, 9, 65)\n","(7, 11, 85)\n","(7, 13, 109)\n","(7, 15, 137)\n","(7, 17, 169)\n","(7, 19, 205)\n","(7, 21, 245)\n","(7, 23, 289)\n","(7, 25, 337)\n","(7, 27, 389)\n","(7, 29, 445)\n","(7, 31, 505)\n","(7, 33, 569)\n","(7, 35, 637)\n","(7, 37, 709)\n","(7, 39, 785)\n","(7, 41, 865)\n","(7, 43, 949)\n","(7, 45, 1037)\n","(7, 47, 1129)\n","(7, 49, 1225)\n","(7, 51, 1325)\n","(7, 53, 1429)\n","(7, 55, 1537)\n","(7, 57, 1649)\n","(7, 59, 1765)\n","(7, 61, 1885)\n","(7, 63, 2009)\n","(7, 65, 2137)\n","(7, 67, 2269)\n","(7, 69, 2405)\n","(7, 71, 2545)\n","(7, 73, 2689)\n","(7, 75, 2837)\n","(7, 77, 2989)\n","(7, 79, 3145)\n","(7, 81, 3305)\n","(7, 83, 3469)\n","(7, 85, 3637)\n","(7, 87, 3809)\n","(7, 89, 3985)\n","(7, 91, 4165)\n","(7, 93, 4349)\n","(7, 95, 4537)\n","(7, 97, 4729)\n","(7, 99, 4925)\n","(8, 2, 34)\n","(8, 4, 40)\n","(8, 6, 50)\n","(8, 8, 64)\n","(8, 10, 82)\n","(8, 12, 104)\n","(8, 14, 130)\n","(8, 16, 160)\n","(8, 18, 194)\n","(8, 20, 232)\n","(8, 22, 274)\n","(8, 24, 320)\n","(8, 26, 370)\n","(8, 28, 424)\n","(8, 30, 482)\n","(8, 32, 544)\n","(8, 34, 610)\n","(8, 36, 680)\n","(8, 38, 754)\n","(8, 40, 832)\n","(8, 42, 914)\n","(8, 44, 1000)\n","(8, 46, 1090)\n","(8, 48, 1184)\n","(8, 50, 1282)\n","(8, 52, 1384)\n","(8, 54, 1490)\n","(8, 56, 1600)\n","(8, 58, 1714)\n","(8, 60, 1832)\n","(8, 62, 1954)\n","(8, 64, 2080)\n","(8, 66, 2210)\n","(8, 68, 2344)\n","(8, 70, 2482)\n","(8, 72, 2624)\n","(8, 74, 2770)\n","(8, 76, 2920)\n","(8, 78, 3074)\n","(8, 80, 3232)\n","(8, 82, 3394)\n","(8, 84, 3560)\n","(8, 86, 3730)\n","(8, 88, 3904)\n","(8, 90, 4082)\n","(8, 92, 4264)\n","(8, 94, 4450)\n","(8, 96, 4640)\n","(8, 98, 4834)\n","(8, 100, 5032)\n","(9, 1, 41)\n","(9, 3, 45)\n","(9, 5, 53)\n","(9, 7, 65)\n","(9, 9, 81)\n","(9, 11, 101)\n","(9, 13, 125)\n","(9, 15, 153)\n","(9, 17, 185)\n","(9, 19, 221)\n","(9, 21, 261)\n","(9, 23, 305)\n","(9, 25, 353)\n","(9, 27, 405)\n","(9, 29, 461)\n","(9, 31, 521)\n","(9, 33, 585)\n","(9, 35, 653)\n","(9, 37, 725)\n","(9, 39, 801)\n","(9, 41, 881)\n","(9, 43, 965)\n","(9, 45, 1053)\n","(9, 47, 1145)\n","(9, 49, 1241)\n","(9, 51, 1341)\n","(9, 53, 1445)\n","(9, 55, 1553)\n","(9, 57, 1665)\n","(9, 59, 1781)\n","(9, 61, 1901)\n","(9, 63, 2025)\n","(9, 65, 2153)\n","(9, 67, 2285)\n","(9, 69, 2421)\n","(9, 71, 2561)\n","(9, 73, 2705)\n","(9, 75, 2853)\n","(9, 77, 3005)\n","(9, 79, 3161)\n","(9, 81, 3321)\n","(9, 83, 3485)\n","(9, 85, 3653)\n","(9, 87, 3825)\n","(9, 89, 4001)\n","(9, 91, 4181)\n","(9, 93, 4365)\n","(9, 95, 4553)\n","(9, 97, 4745)\n","(9, 99, 4941)\n","(10, 2, 52)\n","(10, 4, 58)\n","(10, 6, 68)\n","(10, 8, 82)\n","(10, 10, 100)\n","(10, 12, 122)\n","(10, 14, 148)\n","(10, 16, 178)\n","(10, 18, 212)\n","(10, 20, 250)\n","(10, 22, 292)\n","(10, 24, 338)\n","(10, 26, 388)\n","(10, 28, 442)\n","(10, 30, 500)\n","(10, 32, 562)\n","(10, 34, 628)\n","(10, 36, 698)\n","(10, 38, 772)\n","(10, 40, 850)\n","(10, 42, 932)\n","(10, 44, 1018)\n","(10, 46, 1108)\n","(10, 48, 1202)\n","(10, 50, 1300)\n","(10, 52, 1402)\n","(10, 54, 1508)\n","(10, 56, 1618)\n","(10, 58, 1732)\n","(10, 60, 1850)\n","(10, 62, 1972)\n","(10, 64, 2098)\n","(10, 66, 2228)\n","(10, 68, 2362)\n","(10, 70, 2500)\n","(10, 72, 2642)\n","(10, 74, 2788)\n","(10, 76, 2938)\n","(10, 78, 3092)\n","(10, 80, 3250)\n","(10, 82, 3412)\n","(10, 84, 3578)\n","(10, 86, 3748)\n","(10, 88, 3922)\n","(10, 90, 4100)\n","(10, 92, 4282)\n","(10, 94, 4468)\n","(10, 96, 4658)\n","(10, 98, 4852)\n","(10, 100, 5050)\n","(11, 1, 61)\n","(11, 3, 65)\n","(11, 5, 73)\n","(11, 7, 85)\n","(11, 9, 101)\n","(11, 11, 121)\n","(11, 13, 145)\n","(11, 15, 173)\n","(11, 17, 205)\n","(11, 19, 241)\n","(11, 21, 281)\n","(11, 23, 325)\n","(11, 25, 373)\n","(11, 27, 425)\n","(11, 29, 481)\n","(11, 31, 541)\n","(11, 33, 605)\n","(11, 35, 673)\n","(11, 37, 745)\n","(11, 39, 821)\n","(11, 41, 901)\n","(11, 43, 985)\n","(11, 45, 1073)\n","(11, 47, 1165)\n","(11, 49, 1261)\n","(11, 51, 1361)\n","(11, 53, 1465)\n","(11, 55, 1573)\n","(11, 57, 1685)\n","(11, 59, 1801)\n","(11, 61, 1921)\n","(11, 63, 2045)\n","(11, 65, 2173)\n","(11, 67, 2305)\n","(11, 69, 2441)\n","(11, 71, 2581)\n","(11, 73, 2725)\n","(11, 75, 2873)\n","(11, 77, 3025)\n","(11, 79, 3181)\n","(11, 81, 3341)\n","(11, 83, 3505)\n","(11, 85, 3673)\n","(11, 87, 3845)\n","(11, 89, 4021)\n","(11, 91, 4201)\n","(11, 93, 4385)\n","(11, 95, 4573)\n","(11, 97, 4765)\n","(11, 99, 4961)\n","(12, 2, 74)\n","(12, 4, 80)\n","(12, 6, 90)\n","(12, 8, 104)\n","(12, 10, 122)\n","(12, 12, 144)\n","(12, 14, 170)\n","(12, 16, 200)\n","(12, 18, 234)\n","(12, 20, 272)\n","(12, 22, 314)\n","(12, 24, 360)\n","(12, 26, 410)\n","(12, 28, 464)\n","(12, 30, 522)\n","(12, 32, 584)\n","(12, 34, 650)\n","(12, 36, 720)\n","(12, 38, 794)\n","(12, 40, 872)\n","(12, 42, 954)\n","(12, 44, 1040)\n","(12, 46, 1130)\n","(12, 48, 1224)\n","(12, 50, 1322)\n","(12, 52, 1424)\n","(12, 54, 1530)\n","(12, 56, 1640)\n","(12, 58, 1754)\n","(12, 60, 1872)\n","(12, 62, 1994)\n","(12, 64, 2120)\n","(12, 66, 2250)\n","(12, 68, 2384)\n","(12, 70, 2522)\n","(12, 72, 2664)\n","(12, 74, 2810)\n","(12, 76, 2960)\n","(12, 78, 3114)\n","(12, 80, 3272)\n","(12, 82, 3434)\n","(12, 84, 3600)\n","(12, 86, 3770)\n","(12, 88, 3944)\n","(12, 90, 4122)\n","(12, 92, 4304)\n","(12, 94, 4490)\n","(12, 96, 4680)\n","(12, 98, 4874)\n","(12, 100, 5072)\n","(13, 1, 85)\n","(13, 3, 89)\n","(13, 5, 97)\n","(13, 7, 109)\n","(13, 9, 125)\n","(13, 11, 145)\n","(13, 13, 169)\n","(13, 15, 197)\n","(13, 17, 229)\n","(13, 19, 265)\n","(13, 21, 305)\n","(13, 23, 349)\n","(13, 25, 397)\n","(13, 27, 449)\n","(13, 29, 505)\n","(13, 31, 565)\n","(13, 33, 629)\n","(13, 35, 697)\n","(13, 37, 769)\n","(13, 39, 845)\n","(13, 41, 925)\n","(13, 43, 1009)\n","(13, 45, 1097)\n","(13, 47, 1189)\n","(13, 49, 1285)\n","(13, 51, 1385)\n","(13, 53, 1489)\n","(13, 55, 1597)\n","(13, 57, 1709)\n","(13, 59, 1825)\n","(13, 61, 1945)\n","(13, 63, 2069)\n","(13, 65, 2197)\n","(13, 67, 2329)\n","(13, 69, 2465)\n","(13, 71, 2605)\n","(13, 73, 2749)\n","(13, 75, 2897)\n","(13, 77, 3049)\n","(13, 79, 3205)\n","(13, 81, 3365)\n","(13, 83, 3529)\n","(13, 85, 3697)\n","(13, 87, 3869)\n","(13, 89, 4045)\n","(13, 91, 4225)\n","(13, 93, 4409)\n","(13, 95, 4597)\n","(13, 97, 4789)\n","(13, 99, 4985)\n","(14, 2, 100)\n","(14, 4, 106)\n","(14, 6, 116)\n","(14, 8, 130)\n","(14, 10, 148)\n","(14, 12, 170)\n","(14, 14, 196)\n","(14, 16, 226)\n","(14, 18, 260)\n","(14, 20, 298)\n","(14, 22, 340)\n","(14, 24, 386)\n","(14, 26, 436)\n","(14, 28, 490)\n","(14, 30, 548)\n","(14, 32, 610)\n","(14, 34, 676)\n","(14, 36, 746)\n","(14, 38, 820)\n","(14, 40, 898)\n","(14, 42, 980)\n","(14, 44, 1066)\n","(14, 46, 1156)\n","(14, 48, 1250)\n","(14, 50, 1348)\n","(14, 52, 1450)\n","(14, 54, 1556)\n","(14, 56, 1666)\n","(14, 58, 1780)\n","(14, 60, 1898)\n","(14, 62, 2020)\n","(14, 64, 2146)\n","(14, 66, 2276)\n","(14, 68, 2410)\n","(14, 70, 2548)\n","(14, 72, 2690)\n","(14, 74, 2836)\n","(14, 76, 2986)\n","(14, 78, 3140)\n","(14, 80, 3298)\n","(14, 82, 3460)\n","(14, 84, 3626)\n","(14, 86, 3796)\n","(14, 88, 3970)\n","(14, 90, 4148)\n","(14, 92, 4330)\n","(14, 94, 4516)\n","(14, 96, 4706)\n","(14, 98, 4900)\n","(14, 100, 5098)\n","(15, 1, 113)\n","(15, 3, 117)\n","(15, 5, 125)\n","(15, 7, 137)\n","(15, 9, 153)\n","(15, 11, 173)\n","(15, 13, 197)\n","(15, 15, 225)\n","(15, 17, 257)\n","(15, 19, 293)\n","(15, 21, 333)\n","(15, 23, 377)\n","(15, 25, 425)\n","(15, 27, 477)\n","(15, 29, 533)\n","(15, 31, 593)\n","(15, 33, 657)\n","(15, 35, 725)\n","(15, 37, 797)\n","(15, 39, 873)\n","(15, 41, 953)\n","(15, 43, 1037)\n","(15, 45, 1125)\n","(15, 47, 1217)\n","(15, 49, 1313)\n","(15, 51, 1413)\n","(15, 53, 1517)\n","(15, 55, 1625)\n","(15, 57, 1737)\n","(15, 59, 1853)\n","(15, 61, 1973)\n","(15, 63, 2097)\n","(15, 65, 2225)\n","(15, 67, 2357)\n","(15, 69, 2493)\n","(15, 71, 2633)\n","(15, 73, 2777)\n","(15, 75, 2925)\n","(15, 77, 3077)\n","(15, 79, 3233)\n","(15, 81, 3393)\n","(15, 83, 3557)\n","(15, 85, 3725)\n","(15, 87, 3897)\n","(15, 89, 4073)\n","(15, 91, 4253)\n","(15, 93, 4437)\n","(15, 95, 4625)\n","(15, 97, 4817)\n","(15, 99, 5013)\n","(16, 2, 130)\n","(16, 4, 136)\n","(16, 6, 146)\n","(16, 8, 160)\n","(16, 10, 178)\n","(16, 12, 200)\n","(16, 14, 226)\n","(16, 16, 256)\n","(16, 18, 290)\n","(16, 20, 328)\n","(16, 22, 370)\n","(16, 24, 416)\n","(16, 26, 466)\n","(16, 28, 520)\n","(16, 30, 578)\n","(16, 32, 640)\n","(16, 34, 706)\n","(16, 36, 776)\n","(16, 38, 850)\n","(16, 40, 928)\n","(16, 42, 1010)\n","(16, 44, 1096)\n","(16, 46, 1186)\n","(16, 48, 1280)\n","(16, 50, 1378)\n","(16, 52, 1480)\n","(16, 54, 1586)\n","(16, 56, 1696)\n","(16, 58, 1810)\n","(16, 60, 1928)\n","(16, 62, 2050)\n","(16, 64, 2176)\n","(16, 66, 2306)\n","(16, 68, 2440)\n","(16, 70, 2578)\n","(16, 72, 2720)\n","(16, 74, 2866)\n","(16, 76, 3016)\n","(16, 78, 3170)\n","(16, 80, 3328)\n","(16, 82, 3490)\n","(16, 84, 3656)\n","(16, 86, 3826)\n","(16, 88, 4000)\n","(16, 90, 4178)\n","(16, 92, 4360)\n","(16, 94, 4546)\n","(16, 96, 4736)\n","(16, 98, 4930)\n","(16, 100, 5128)\n","(17, 1, 145)\n","(17, 3, 149)\n","(17, 5, 157)\n","(17, 7, 169)\n","(17, 9, 185)\n","(17, 11, 205)\n","(17, 13, 229)\n","(17, 15, 257)\n","(17, 17, 289)\n","(17, 19, 325)\n","(17, 21, 365)\n","(17, 23, 409)\n","(17, 25, 457)\n","(17, 27, 509)\n","(17, 29, 565)\n","(17, 31, 625)\n","(17, 33, 689)\n","(17, 35, 757)\n","(17, 37, 829)\n","(17, 39, 905)\n","(17, 41, 985)\n","(17, 43, 1069)\n","(17, 45, 1157)\n","(17, 47, 1249)\n","(17, 49, 1345)\n","(17, 51, 1445)\n","(17, 53, 1549)\n","(17, 55, 1657)\n","(17, 57, 1769)\n","(17, 59, 1885)\n","(17, 61, 2005)\n","(17, 63, 2129)\n","(17, 65, 2257)\n","(17, 67, 2389)\n","(17, 69, 2525)\n","(17, 71, 2665)\n","(17, 73, 2809)\n","(17, 75, 2957)\n","(17, 77, 3109)\n","(17, 79, 3265)\n","(17, 81, 3425)\n","(17, 83, 3589)\n","(17, 85, 3757)\n","(17, 87, 3929)\n","(17, 89, 4105)\n","(17, 91, 4285)\n","(17, 93, 4469)\n","(17, 95, 4657)\n","(17, 97, 4849)\n","(17, 99, 5045)\n","(18, 2, 164)\n","(18, 4, 170)\n","(18, 6, 180)\n","(18, 8, 194)\n","(18, 10, 212)\n","(18, 12, 234)\n","(18, 14, 260)\n","(18, 16, 290)\n","(18, 18, 324)\n","(18, 20, 362)\n","(18, 22, 404)\n","(18, 24, 450)\n","(18, 26, 500)\n","(18, 28, 554)\n","(18, 30, 612)\n","(18, 32, 674)\n","(18, 34, 740)\n","(18, 36, 810)\n","(18, 38, 884)\n","(18, 40, 962)\n","(18, 42, 1044)\n","(18, 44, 1130)\n","(18, 46, 1220)\n","(18, 48, 1314)\n","(18, 50, 1412)\n","(18, 52, 1514)\n","(18, 54, 1620)\n","(18, 56, 1730)\n","(18, 58, 1844)\n","(18, 60, 1962)\n","(18, 62, 2084)\n","(18, 64, 2210)\n","(18, 66, 2340)\n","(18, 68, 2474)\n","(18, 70, 2612)\n","(18, 72, 2754)\n","(18, 74, 2900)\n","(18, 76, 3050)\n","(18, 78, 3204)\n","(18, 80, 3362)\n","(18, 82, 3524)\n","(18, 84, 3690)\n","(18, 86, 3860)\n","(18, 88, 4034)\n","(18, 90, 4212)\n","(18, 92, 4394)\n","(18, 94, 4580)\n","(18, 96, 4770)\n","(18, 98, 4964)\n","(18, 100, 5162)\n","(19, 1, 181)\n","(19, 3, 185)\n","(19, 5, 193)\n","(19, 7, 205)\n","(19, 9, 221)\n","(19, 11, 241)\n","(19, 13, 265)\n","(19, 15, 293)\n","(19, 17, 325)\n","(19, 19, 361)\n","(19, 21, 401)\n","(19, 23, 445)\n","(19, 25, 493)\n","(19, 27, 545)\n","(19, 29, 601)\n","(19, 31, 661)\n","(19, 33, 725)\n","(19, 35, 793)\n","(19, 37, 865)\n","(19, 39, 941)\n","(19, 41, 1021)\n","(19, 43, 1105)\n","(19, 45, 1193)\n","(19, 47, 1285)\n","(19, 49, 1381)\n","(19, 51, 1481)\n","(19, 53, 1585)\n","(19, 55, 1693)\n","(19, 57, 1805)\n","(19, 59, 1921)\n","(19, 61, 2041)\n","(19, 63, 2165)\n","(19, 65, 2293)\n","(19, 67, 2425)\n","(19, 69, 2561)\n","(19, 71, 2701)\n","(19, 73, 2845)\n","(19, 75, 2993)\n","(19, 77, 3145)\n","(19, 79, 3301)\n","(19, 81, 3461)\n","(19, 83, 3625)\n","(19, 85, 3793)\n","(19, 87, 3965)\n","(19, 89, 4141)\n","(19, 91, 4321)\n","(19, 93, 4505)\n","(19, 95, 4693)\n","(19, 97, 4885)\n","(19, 99, 5081)\n","(20, 2, 202)\n","(20, 4, 208)\n","(20, 6, 218)\n","(20, 8, 232)\n","(20, 10, 250)\n","(20, 12, 272)\n","(20, 14, 298)\n","(20, 16, 328)\n","(20, 18, 362)\n","(20, 20, 400)\n","(20, 22, 442)\n","(20, 24, 488)\n","(20, 26, 538)\n","(20, 28, 592)\n","(20, 30, 650)\n","(20, 32, 712)\n","(20, 34, 778)\n","(20, 36, 848)\n","(20, 38, 922)\n","(20, 40, 1000)\n","(20, 42, 1082)\n","(20, 44, 1168)\n","(20, 46, 1258)\n","(20, 48, 1352)\n","(20, 50, 1450)\n","(20, 52, 1552)\n","(20, 54, 1658)\n","(20, 56, 1768)\n","(20, 58, 1882)\n","(20, 60, 2000)\n","(20, 62, 2122)\n","(20, 64, 2248)\n","(20, 66, 2378)\n","(20, 68, 2512)\n","(20, 70, 2650)\n","(20, 72, 2792)\n","(20, 74, 2938)\n","(20, 76, 3088)\n","(20, 78, 3242)\n","(20, 80, 3400)\n","(20, 82, 3562)\n","(20, 84, 3728)\n","(20, 86, 3898)\n","(20, 88, 4072)\n","(20, 90, 4250)\n","(20, 92, 4432)\n","(20, 94, 4618)\n","(20, 96, 4808)\n","(20, 98, 5002)\n","(20, 100, 5200)\n","(21, 1, 221)\n","(21, 3, 225)\n","(21, 5, 233)\n","(21, 7, 245)\n","(21, 9, 261)\n","(21, 11, 281)\n","(21, 13, 305)\n","(21, 15, 333)\n","(21, 17, 365)\n","(21, 19, 401)\n","(21, 21, 441)\n","(21, 23, 485)\n","(21, 25, 533)\n","(21, 27, 585)\n","(21, 29, 641)\n","(21, 31, 701)\n","(21, 33, 765)\n","(21, 35, 833)\n","(21, 37, 905)\n","(21, 39, 981)\n","(21, 41, 1061)\n","(21, 43, 1145)\n","(21, 45, 1233)\n","(21, 47, 1325)\n","(21, 49, 1421)\n","(21, 51, 1521)\n","(21, 53, 1625)\n","(21, 55, 1733)\n","(21, 57, 1845)\n","(21, 59, 1961)\n","(21, 61, 2081)\n","(21, 63, 2205)\n","(21, 65, 2333)\n","(21, 67, 2465)\n","(21, 69, 2601)\n","(21, 71, 2741)\n","(21, 73, 2885)\n","(21, 75, 3033)\n","(21, 77, 3185)\n","(21, 79, 3341)\n","(21, 81, 3501)\n","(21, 83, 3665)\n","(21, 85, 3833)\n","(21, 87, 4005)\n","(21, 89, 4181)\n","(21, 91, 4361)\n","(21, 93, 4545)\n","(21, 95, 4733)\n","(21, 97, 4925)\n","(21, 99, 5121)\n","(22, 2, 244)\n","(22, 4, 250)\n","(22, 6, 260)\n","(22, 8, 274)\n","(22, 10, 292)\n","(22, 12, 314)\n","(22, 14, 340)\n","(22, 16, 370)\n","(22, 18, 404)\n","(22, 20, 442)\n","(22, 22, 484)\n","(22, 24, 530)\n","(22, 26, 580)\n","(22, 28, 634)\n","(22, 30, 692)\n","(22, 32, 754)\n","(22, 34, 820)\n","(22, 36, 890)\n","(22, 38, 964)\n","(22, 40, 1042)\n","(22, 42, 1124)\n","(22, 44, 1210)\n","(22, 46, 1300)\n","(22, 48, 1394)\n","(22, 50, 1492)\n","(22, 52, 1594)\n","(22, 54, 1700)\n","(22, 56, 1810)\n","(22, 58, 1924)\n","(22, 60, 2042)\n","(22, 62, 2164)\n","(22, 64, 2290)\n","(22, 66, 2420)\n","(22, 68, 2554)\n","(22, 70, 2692)\n","(22, 72, 2834)\n","(22, 74, 2980)\n","(22, 76, 3130)\n","(22, 78, 3284)\n","(22, 80, 3442)\n","(22, 82, 3604)\n","(22, 84, 3770)\n","(22, 86, 3940)\n","(22, 88, 4114)\n","(22, 90, 4292)\n","(22, 92, 4474)\n","(22, 94, 4660)\n","(22, 96, 4850)\n","(22, 98, 5044)\n","(22, 100, 5242)\n","(23, 1, 265)\n","(23, 3, 269)\n","(23, 5, 277)\n","(23, 7, 289)\n","(23, 9, 305)\n","(23, 11, 325)\n","(23, 13, 349)\n","(23, 15, 377)\n","(23, 17, 409)\n","(23, 19, 445)\n","(23, 21, 485)\n","(23, 23, 529)\n","(23, 25, 577)\n","(23, 27, 629)\n","(23, 29, 685)\n","(23, 31, 745)\n","(23, 33, 809)\n","(23, 35, 877)\n","(23, 37, 949)\n","(23, 39, 1025)\n","(23, 41, 1105)\n","(23, 43, 1189)\n","(23, 45, 1277)\n","(23, 47, 1369)\n","(23, 49, 1465)\n","(23, 51, 1565)\n","(23, 53, 1669)\n","(23, 55, 1777)\n","(23, 57, 1889)\n","(23, 59, 2005)\n","(23, 61, 2125)\n","(23, 63, 2249)\n","(23, 65, 2377)\n","(23, 67, 2509)\n","(23, 69, 2645)\n","(23, 71, 2785)\n","(23, 73, 2929)\n","(23, 75, 3077)\n","(23, 77, 3229)\n","(23, 79, 3385)\n","(23, 81, 3545)\n","(23, 83, 3709)\n","(23, 85, 3877)\n","(23, 87, 4049)\n","(23, 89, 4225)\n","(23, 91, 4405)\n","(23, 93, 4589)\n","(23, 95, 4777)\n","(23, 97, 4969)\n","(23, 99, 5165)\n","(24, 2, 290)\n","(24, 4, 296)\n","(24, 6, 306)\n","(24, 8, 320)\n","(24, 10, 338)\n","(24, 12, 360)\n","(24, 14, 386)\n","(24, 16, 416)\n","(24, 18, 450)\n","(24, 20, 488)\n","(24, 22, 530)\n","(24, 24, 576)\n","(24, 26, 626)\n","(24, 28, 680)\n","(24, 30, 738)\n","(24, 32, 800)\n","(24, 34, 866)\n","(24, 36, 936)\n","(24, 38, 1010)\n","(24, 40, 1088)\n","(24, 42, 1170)\n","(24, 44, 1256)\n","(24, 46, 1346)\n","(24, 48, 1440)\n","(24, 50, 1538)\n","(24, 52, 1640)\n","(24, 54, 1746)\n","(24, 56, 1856)\n","(24, 58, 1970)\n","(24, 60, 2088)\n","(24, 62, 2210)\n","(24, 64, 2336)\n","(24, 66, 2466)\n","(24, 68, 2600)\n","(24, 70, 2738)\n","(24, 72, 2880)\n","(24, 74, 3026)\n","(24, 76, 3176)\n","(24, 78, 3330)\n","(24, 80, 3488)\n","(24, 82, 3650)\n","(24, 84, 3816)\n","(24, 86, 3986)\n","(24, 88, 4160)\n","(24, 90, 4338)\n","(24, 92, 4520)\n","(24, 94, 4706)\n","(24, 96, 4896)\n","(24, 98, 5090)\n","(24, 100, 5288)\n","(25, 1, 313)\n","(25, 3, 317)\n","(25, 5, 325)\n","(25, 7, 337)\n","(25, 9, 353)\n","(25, 11, 373)\n","(25, 13, 397)\n","(25, 15, 425)\n","(25, 17, 457)\n","(25, 19, 493)\n","(25, 21, 533)\n","(25, 23, 577)\n","(25, 25, 625)\n","(25, 27, 677)\n","(25, 29, 733)\n","(25, 31, 793)\n","(25, 33, 857)\n","(25, 35, 925)\n","(25, 37, 997)\n","(25, 39, 1073)\n","(25, 41, 1153)\n","(25, 43, 1237)\n","(25, 45, 1325)\n","(25, 47, 1417)\n","(25, 49, 1513)\n","(25, 51, 1613)\n","(25, 53, 1717)\n","(25, 55, 1825)\n","(25, 57, 1937)\n","(25, 59, 2053)\n","(25, 61, 2173)\n","(25, 63, 2297)\n","(25, 65, 2425)\n","(25, 67, 2557)\n","(25, 69, 2693)\n","(25, 71, 2833)\n","(25, 73, 2977)\n","(25, 75, 3125)\n","(25, 77, 3277)\n","(25, 79, 3433)\n","(25, 81, 3593)\n","(25, 83, 3757)\n","(25, 85, 3925)\n","(25, 87, 4097)\n","(25, 89, 4273)\n","(25, 91, 4453)\n","(25, 93, 4637)\n","(25, 95, 4825)\n","(25, 97, 5017)\n","(25, 99, 5213)\n","(26, 2, 340)\n","(26, 4, 346)\n","(26, 6, 356)\n","(26, 8, 370)\n","(26, 10, 388)\n","(26, 12, 410)\n","(26, 14, 436)\n","(26, 16, 466)\n","(26, 18, 500)\n","(26, 20, 538)\n","(26, 22, 580)\n","(26, 24, 626)\n","(26, 26, 676)\n","(26, 28, 730)\n","(26, 30, 788)\n","(26, 32, 850)\n","(26, 34, 916)\n","(26, 36, 986)\n","(26, 38, 1060)\n","(26, 40, 1138)\n","(26, 42, 1220)\n","(26, 44, 1306)\n","(26, 46, 1396)\n","(26, 48, 1490)\n","(26, 50, 1588)\n","(26, 52, 1690)\n","(26, 54, 1796)\n","(26, 56, 1906)\n","(26, 58, 2020)\n","(26, 60, 2138)\n","(26, 62, 2260)\n","(26, 64, 2386)\n","(26, 66, 2516)\n","(26, 68, 2650)\n","(26, 70, 2788)\n","(26, 72, 2930)\n","(26, 74, 3076)\n","(26, 76, 3226)\n","(26, 78, 3380)\n","(26, 80, 3538)\n","(26, 82, 3700)\n","(26, 84, 3866)\n","(26, 86, 4036)\n","(26, 88, 4210)\n","(26, 90, 4388)\n","(26, 92, 4570)\n","(26, 94, 4756)\n","(26, 96, 4946)\n","(26, 98, 5140)\n","(26, 100, 5338)\n","(27, 1, 365)\n","(27, 3, 369)\n","(27, 5, 377)\n","(27, 7, 389)\n","(27, 9, 405)\n","(27, 11, 425)\n","(27, 13, 449)\n","(27, 15, 477)\n","(27, 17, 509)\n","(27, 19, 545)\n","(27, 21, 585)\n","(27, 23, 629)\n","(27, 25, 677)\n","(27, 27, 729)\n","(27, 29, 785)\n","(27, 31, 845)\n","(27, 33, 909)\n","(27, 35, 977)\n","(27, 37, 1049)\n","(27, 39, 1125)\n","(27, 41, 1205)\n","(27, 43, 1289)\n","(27, 45, 1377)\n","(27, 47, 1469)\n","(27, 49, 1565)\n","(27, 51, 1665)\n","(27, 53, 1769)\n","(27, 55, 1877)\n","(27, 57, 1989)\n","(27, 59, 2105)\n","(27, 61, 2225)\n","(27, 63, 2349)\n","(27, 65, 2477)\n","(27, 67, 2609)\n","(27, 69, 2745)\n","(27, 71, 2885)\n","(27, 73, 3029)\n","(27, 75, 3177)\n","(27, 77, 3329)\n","(27, 79, 3485)\n","(27, 81, 3645)\n","(27, 83, 3809)\n","(27, 85, 3977)\n","(27, 87, 4149)\n","(27, 89, 4325)\n","(27, 91, 4505)\n","(27, 93, 4689)\n","(27, 95, 4877)\n","(27, 97, 5069)\n","(27, 99, 5265)\n","(28, 2, 394)\n","(28, 4, 400)\n","(28, 6, 410)\n","(28, 8, 424)\n","(28, 10, 442)\n","(28, 12, 464)\n","(28, 14, 490)\n","(28, 16, 520)\n","(28, 18, 554)\n","(28, 20, 592)\n","(28, 22, 634)\n","(28, 24, 680)\n","(28, 26, 730)\n","(28, 28, 784)\n","(28, 30, 842)\n","(28, 32, 904)\n","(28, 34, 970)\n","(28, 36, 1040)\n","(28, 38, 1114)\n","(28, 40, 1192)\n","(28, 42, 1274)\n","(28, 44, 1360)\n","(28, 46, 1450)\n","(28, 48, 1544)\n","(28, 50, 1642)\n","(28, 52, 1744)\n","(28, 54, 1850)\n","(28, 56, 1960)\n","(28, 58, 2074)\n","(28, 60, 2192)\n","(28, 62, 2314)\n","(28, 64, 2440)\n","(28, 66, 2570)\n","(28, 68, 2704)\n","(28, 70, 2842)\n","(28, 72, 2984)\n","(28, 74, 3130)\n","(28, 76, 3280)\n","(28, 78, 3434)\n","(28, 80, 3592)\n","(28, 82, 3754)\n","(28, 84, 3920)\n","(28, 86, 4090)\n","(28, 88, 4264)\n","(28, 90, 4442)\n","(28, 92, 4624)\n","(28, 94, 4810)\n","(28, 96, 5000)\n","(28, 98, 5194)\n","(28, 100, 5392)\n","(29, 1, 421)\n","(29, 3, 425)\n","(29, 5, 433)\n","(29, 7, 445)\n","(29, 9, 461)\n","(29, 11, 481)\n","(29, 13, 505)\n","(29, 15, 533)\n","(29, 17, 565)\n","(29, 19, 601)\n","(29, 21, 641)\n","(29, 23, 685)\n","(29, 25, 733)\n","(29, 27, 785)\n","(29, 29, 841)\n","(29, 31, 901)\n","(29, 33, 965)\n","(29, 35, 1033)\n","(29, 37, 1105)\n","(29, 39, 1181)\n","(29, 41, 1261)\n","(29, 43, 1345)\n","(29, 45, 1433)\n","(29, 47, 1525)\n","(29, 49, 1621)\n","(29, 51, 1721)\n","(29, 53, 1825)\n","(29, 55, 1933)\n","(29, 57, 2045)\n","(29, 59, 2161)\n","(29, 61, 2281)\n","(29, 63, 2405)\n","(29, 65, 2533)\n","(29, 67, 2665)\n","(29, 69, 2801)\n","(29, 71, 2941)\n","(29, 73, 3085)\n","(29, 75, 3233)\n","(29, 77, 3385)\n","(29, 79, 3541)\n","(29, 81, 3701)\n","(29, 83, 3865)\n","(29, 85, 4033)\n","(29, 87, 4205)\n","(29, 89, 4381)\n","(29, 91, 4561)\n","(29, 93, 4745)\n","(29, 95, 4933)\n","(29, 97, 5125)\n","(29, 99, 5321)\n","(30, 2, 452)\n","(30, 4, 458)\n","(30, 6, 468)\n","(30, 8, 482)\n","(30, 10, 500)\n","(30, 12, 522)\n","(30, 14, 548)\n","(30, 16, 578)\n","(30, 18, 612)\n","(30, 20, 650)\n","(30, 22, 692)\n","(30, 24, 738)\n","(30, 26, 788)\n","(30, 28, 842)\n","(30, 30, 900)\n","(30, 32, 962)\n","(30, 34, 1028)\n","(30, 36, 1098)\n","(30, 38, 1172)\n","(30, 40, 1250)\n","(30, 42, 1332)\n","(30, 44, 1418)\n","(30, 46, 1508)\n","(30, 48, 1602)\n","(30, 50, 1700)\n","(30, 52, 1802)\n","(30, 54, 1908)\n","(30, 56, 2018)\n","(30, 58, 2132)\n","(30, 60, 2250)\n","(30, 62, 2372)\n","(30, 64, 2498)\n","(30, 66, 2628)\n","(30, 68, 2762)\n","(30, 70, 2900)\n","(30, 72, 3042)\n","(30, 74, 3188)\n","(30, 76, 3338)\n","(30, 78, 3492)\n","(30, 80, 3650)\n","(30, 82, 3812)\n","(30, 84, 3978)\n","(30, 86, 4148)\n","(30, 88, 4322)\n","(30, 90, 4500)\n","(30, 92, 4682)\n","(30, 94, 4868)\n","(30, 96, 5058)\n","(30, 98, 5252)\n","(30, 100, 5450)\n","(31, 1, 481)\n","(31, 3, 485)\n","(31, 5, 493)\n","(31, 7, 505)\n","(31, 9, 521)\n","(31, 11, 541)\n","(31, 13, 565)\n","(31, 15, 593)\n","(31, 17, 625)\n","(31, 19, 661)\n","(31, 21, 701)\n","(31, 23, 745)\n","(31, 25, 793)\n","(31, 27, 845)\n","(31, 29, 901)\n","(31, 31, 961)\n","(31, 33, 1025)\n","(31, 35, 1093)\n","(31, 37, 1165)\n","(31, 39, 1241)\n","(31, 41, 1321)\n","(31, 43, 1405)\n","(31, 45, 1493)\n","(31, 47, 1585)\n","(31, 49, 1681)\n","(31, 51, 1781)\n","(31, 53, 1885)\n","(31, 55, 1993)\n","(31, 57, 2105)\n","(31, 59, 2221)\n","(31, 61, 2341)\n","(31, 63, 2465)\n","(31, 65, 2593)\n","(31, 67, 2725)\n","(31, 69, 2861)\n","(31, 71, 3001)\n","(31, 73, 3145)\n","(31, 75, 3293)\n","(31, 77, 3445)\n","(31, 79, 3601)\n","(31, 81, 3761)\n","(31, 83, 3925)\n","(31, 85, 4093)\n","(31, 87, 4265)\n","(31, 89, 4441)\n","(31, 91, 4621)\n","(31, 93, 4805)\n","(31, 95, 4993)\n","(31, 97, 5185)\n","(31, 99, 5381)\n","(32, 2, 514)\n","(32, 4, 520)\n","(32, 6, 530)\n","(32, 8, 544)\n","(32, 10, 562)\n","(32, 12, 584)\n","(32, 14, 610)\n","(32, 16, 640)\n","(32, 18, 674)\n","(32, 20, 712)\n","(32, 22, 754)\n","(32, 24, 800)\n","(32, 26, 850)\n","(32, 28, 904)\n","(32, 30, 962)\n","(32, 32, 1024)\n","(32, 34, 1090)\n","(32, 36, 1160)\n","(32, 38, 1234)\n","(32, 40, 1312)\n","(32, 42, 1394)\n","(32, 44, 1480)\n","(32, 46, 1570)\n","(32, 48, 1664)\n","(32, 50, 1762)\n","(32, 52, 1864)\n","(32, 54, 1970)\n","(32, 56, 2080)\n","(32, 58, 2194)\n","(32, 60, 2312)\n","(32, 62, 2434)\n","(32, 64, 2560)\n","(32, 66, 2690)\n","(32, 68, 2824)\n","(32, 70, 2962)\n","(32, 72, 3104)\n","(32, 74, 3250)\n","(32, 76, 3400)\n","(32, 78, 3554)\n","(32, 80, 3712)\n","(32, 82, 3874)\n","(32, 84, 4040)\n","(32, 86, 4210)\n","(32, 88, 4384)\n","(32, 90, 4562)\n","(32, 92, 4744)\n","(32, 94, 4930)\n","(32, 96, 5120)\n","(32, 98, 5314)\n","(32, 100, 5512)\n","(33, 1, 545)\n","(33, 3, 549)\n","(33, 5, 557)\n","(33, 7, 569)\n","(33, 9, 585)\n","(33, 11, 605)\n","(33, 13, 629)\n","(33, 15, 657)\n","(33, 17, 689)\n","(33, 19, 725)\n","(33, 21, 765)\n","(33, 23, 809)\n","(33, 25, 857)\n","(33, 27, 909)\n","(33, 29, 965)\n","(33, 31, 1025)\n","(33, 33, 1089)\n","(33, 35, 1157)\n","(33, 37, 1229)\n","(33, 39, 1305)\n","(33, 41, 1385)\n","(33, 43, 1469)\n","(33, 45, 1557)\n","(33, 47, 1649)\n","(33, 49, 1745)\n","(33, 51, 1845)\n","(33, 53, 1949)\n","(33, 55, 2057)\n","(33, 57, 2169)\n","(33, 59, 2285)\n","(33, 61, 2405)\n","(33, 63, 2529)\n","(33, 65, 2657)\n","(33, 67, 2789)\n","(33, 69, 2925)\n","(33, 71, 3065)\n","(33, 73, 3209)\n","(33, 75, 3357)\n","(33, 77, 3509)\n","(33, 79, 3665)\n","(33, 81, 3825)\n","(33, 83, 3989)\n","(33, 85, 4157)\n","(33, 87, 4329)\n","(33, 89, 4505)\n","(33, 91, 4685)\n","(33, 93, 4869)\n","(33, 95, 5057)\n","(33, 97, 5249)\n","(33, 99, 5445)\n","(34, 2, 580)\n","(34, 4, 586)\n","(34, 6, 596)\n","(34, 8, 610)\n","(34, 10, 628)\n","(34, 12, 650)\n","(34, 14, 676)\n","(34, 16, 706)\n","(34, 18, 740)\n","(34, 20, 778)\n","(34, 22, 820)\n","(34, 24, 866)\n","(34, 26, 916)\n","(34, 28, 970)\n","(34, 30, 1028)\n","(34, 32, 1090)\n","(34, 34, 1156)\n","(34, 36, 1226)\n","(34, 38, 1300)\n","(34, 40, 1378)\n","(34, 42, 1460)\n","(34, 44, 1546)\n","(34, 46, 1636)\n","(34, 48, 1730)\n","(34, 50, 1828)\n","(34, 52, 1930)\n","(34, 54, 2036)\n","(34, 56, 2146)\n","(34, 58, 2260)\n","(34, 60, 2378)\n","(34, 62, 2500)\n","(34, 64, 2626)\n","(34, 66, 2756)\n","(34, 68, 2890)\n","(34, 70, 3028)\n","(34, 72, 3170)\n","(34, 74, 3316)\n","(34, 76, 3466)\n","(34, 78, 3620)\n","(34, 80, 3778)\n","(34, 82, 3940)\n","(34, 84, 4106)\n","(34, 86, 4276)\n","(34, 88, 4450)\n","(34, 90, 4628)\n","(34, 92, 4810)\n","(34, 94, 4996)\n","(34, 96, 5186)\n","(34, 98, 5380)\n","(34, 100, 5578)\n","(35, 1, 613)\n","(35, 3, 617)\n","(35, 5, 625)\n","(35, 7, 637)\n","(35, 9, 653)\n","(35, 11, 673)\n","(35, 13, 697)\n","(35, 15, 725)\n","(35, 17, 757)\n","(35, 19, 793)\n","(35, 21, 833)\n","(35, 23, 877)\n","(35, 25, 925)\n","(35, 27, 977)\n","(35, 29, 1033)\n","(35, 31, 1093)\n","(35, 33, 1157)\n","(35, 35, 1225)\n","(35, 37, 1297)\n","(35, 39, 1373)\n","(35, 41, 1453)\n","(35, 43, 1537)\n","(35, 45, 1625)\n","(35, 47, 1717)\n","(35, 49, 1813)\n","(35, 51, 1913)\n","(35, 53, 2017)\n","(35, 55, 2125)\n","(35, 57, 2237)\n","(35, 59, 2353)\n","(35, 61, 2473)\n","(35, 63, 2597)\n","(35, 65, 2725)\n","(35, 67, 2857)\n","(35, 69, 2993)\n","(35, 71, 3133)\n","(35, 73, 3277)\n","(35, 75, 3425)\n","(35, 77, 3577)\n","(35, 79, 3733)\n","(35, 81, 3893)\n","(35, 83, 4057)\n","(35, 85, 4225)\n","(35, 87, 4397)\n","(35, 89, 4573)\n","(35, 91, 4753)\n","(35, 93, 4937)\n","(35, 95, 5125)\n","(35, 97, 5317)\n","(35, 99, 5513)\n","(36, 2, 650)\n","(36, 4, 656)\n","(36, 6, 666)\n","(36, 8, 680)\n","(36, 10, 698)\n","(36, 12, 720)\n","(36, 14, 746)\n","(36, 16, 776)\n","(36, 18, 810)\n","(36, 20, 848)\n","(36, 22, 890)\n","(36, 24, 936)\n","(36, 26, 986)\n","(36, 28, 1040)\n","(36, 30, 1098)\n","(36, 32, 1160)\n","(36, 34, 1226)\n","(36, 36, 1296)\n","(36, 38, 1370)\n","(36, 40, 1448)\n","(36, 42, 1530)\n","(36, 44, 1616)\n","(36, 46, 1706)\n","(36, 48, 1800)\n","(36, 50, 1898)\n","(36, 52, 2000)\n","(36, 54, 2106)\n","(36, 56, 2216)\n","(36, 58, 2330)\n","(36, 60, 2448)\n","(36, 62, 2570)\n","(36, 64, 2696)\n","(36, 66, 2826)\n","(36, 68, 2960)\n","(36, 70, 3098)\n","(36, 72, 3240)\n","(36, 74, 3386)\n","(36, 76, 3536)\n","(36, 78, 3690)\n","(36, 80, 3848)\n","(36, 82, 4010)\n","(36, 84, 4176)\n","(36, 86, 4346)\n","(36, 88, 4520)\n","(36, 90, 4698)\n","(36, 92, 4880)\n","(36, 94, 5066)\n","(36, 96, 5256)\n","(36, 98, 5450)\n","(36, 100, 5648)\n","(37, 1, 685)\n","(37, 3, 689)\n","(37, 5, 697)\n","(37, 7, 709)\n","(37, 9, 725)\n","(37, 11, 745)\n","(37, 13, 769)\n","(37, 15, 797)\n","(37, 17, 829)\n","(37, 19, 865)\n","(37, 21, 905)\n","(37, 23, 949)\n","(37, 25, 997)\n","(37, 27, 1049)\n","(37, 29, 1105)\n","(37, 31, 1165)\n","(37, 33, 1229)\n","(37, 35, 1297)\n","(37, 37, 1369)\n","(37, 39, 1445)\n","(37, 41, 1525)\n","(37, 43, 1609)\n","(37, 45, 1697)\n","(37, 47, 1789)\n","(37, 49, 1885)\n","(37, 51, 1985)\n","(37, 53, 2089)\n","(37, 55, 2197)\n","(37, 57, 2309)\n","(37, 59, 2425)\n","(37, 61, 2545)\n","(37, 63, 2669)\n","(37, 65, 2797)\n","(37, 67, 2929)\n","(37, 69, 3065)\n","(37, 71, 3205)\n","(37, 73, 3349)\n","(37, 75, 3497)\n","(37, 77, 3649)\n","(37, 79, 3805)\n","(37, 81, 3965)\n","(37, 83, 4129)\n","(37, 85, 4297)\n","(37, 87, 4469)\n","(37, 89, 4645)\n","(37, 91, 4825)\n","(37, 93, 5009)\n","(37, 95, 5197)\n","(37, 97, 5389)\n","(37, 99, 5585)\n","(38, 2, 724)\n","(38, 4, 730)\n","(38, 6, 740)\n","(38, 8, 754)\n","(38, 10, 772)\n","(38, 12, 794)\n","(38, 14, 820)\n","(38, 16, 850)\n","(38, 18, 884)\n","(38, 20, 922)\n","(38, 22, 964)\n","(38, 24, 1010)\n","(38, 26, 1060)\n","(38, 28, 1114)\n","(38, 30, 1172)\n","(38, 32, 1234)\n","(38, 34, 1300)\n","(38, 36, 1370)\n","(38, 38, 1444)\n","(38, 40, 1522)\n","(38, 42, 1604)\n","(38, 44, 1690)\n","(38, 46, 1780)\n","(38, 48, 1874)\n","(38, 50, 1972)\n","(38, 52, 2074)\n","(38, 54, 2180)\n","(38, 56, 2290)\n","(38, 58, 2404)\n","(38, 60, 2522)\n","(38, 62, 2644)\n","(38, 64, 2770)\n","(38, 66, 2900)\n","(38, 68, 3034)\n","(38, 70, 3172)\n","(38, 72, 3314)\n","(38, 74, 3460)\n","(38, 76, 3610)\n","(38, 78, 3764)\n","(38, 80, 3922)\n","(38, 82, 4084)\n","(38, 84, 4250)\n","(38, 86, 4420)\n","(38, 88, 4594)\n","(38, 90, 4772)\n","(38, 92, 4954)\n","(38, 94, 5140)\n","(38, 96, 5330)\n","(38, 98, 5524)\n","(38, 100, 5722)\n","(39, 1, 761)\n","(39, 3, 765)\n","(39, 5, 773)\n","(39, 7, 785)\n","(39, 9, 801)\n","(39, 11, 821)\n","(39, 13, 845)\n","(39, 15, 873)\n","(39, 17, 905)\n","(39, 19, 941)\n","(39, 21, 981)\n","(39, 23, 1025)\n","(39, 25, 1073)\n","(39, 27, 1125)\n","(39, 29, 1181)\n","(39, 31, 1241)\n","(39, 33, 1305)\n","(39, 35, 1373)\n","(39, 37, 1445)\n","(39, 39, 1521)\n","(39, 41, 1601)\n","(39, 43, 1685)\n","(39, 45, 1773)\n","(39, 47, 1865)\n","(39, 49, 1961)\n","(39, 51, 2061)\n","(39, 53, 2165)\n","(39, 55, 2273)\n","(39, 57, 2385)\n","(39, 59, 2501)\n","(39, 61, 2621)\n","(39, 63, 2745)\n","(39, 65, 2873)\n","(39, 67, 3005)\n","(39, 69, 3141)\n","(39, 71, 3281)\n","(39, 73, 3425)\n","(39, 75, 3573)\n","(39, 77, 3725)\n","(39, 79, 3881)\n","(39, 81, 4041)\n","(39, 83, 4205)\n","(39, 85, 4373)\n","(39, 87, 4545)\n","(39, 89, 4721)\n","(39, 91, 4901)\n","(39, 93, 5085)\n","(39, 95, 5273)\n","(39, 97, 5465)\n","(39, 99, 5661)\n","(40, 2, 802)\n","(40, 4, 808)\n","(40, 6, 818)\n","(40, 8, 832)\n","(40, 10, 850)\n","(40, 12, 872)\n","(40, 14, 898)\n","(40, 16, 928)\n","(40, 18, 962)\n","(40, 20, 1000)\n","(40, 22, 1042)\n","(40, 24, 1088)\n","(40, 26, 1138)\n","(40, 28, 1192)\n","(40, 30, 1250)\n","(40, 32, 1312)\n","(40, 34, 1378)\n","(40, 36, 1448)\n","(40, 38, 1522)\n","(40, 40, 1600)\n","(40, 42, 1682)\n","(40, 44, 1768)\n","(40, 46, 1858)\n","(40, 48, 1952)\n","(40, 50, 2050)\n","(40, 52, 2152)\n","(40, 54, 2258)\n","(40, 56, 2368)\n","(40, 58, 2482)\n","(40, 60, 2600)\n","(40, 62, 2722)\n","(40, 64, 2848)\n","(40, 66, 2978)\n","(40, 68, 3112)\n","(40, 70, 3250)\n","(40, 72, 3392)\n","(40, 74, 3538)\n","(40, 76, 3688)\n","(40, 78, 3842)\n","(40, 80, 4000)\n","(40, 82, 4162)\n","(40, 84, 4328)\n","(40, 86, 4498)\n","(40, 88, 4672)\n","(40, 90, 4850)\n","(40, 92, 5032)\n","(40, 94, 5218)\n","(40, 96, 5408)\n","(40, 98, 5602)\n","(40, 100, 5800)\n","(41, 1, 841)\n","(41, 3, 845)\n","(41, 5, 853)\n","(41, 7, 865)\n","(41, 9, 881)\n","(41, 11, 901)\n","(41, 13, 925)\n","(41, 15, 953)\n","(41, 17, 985)\n","(41, 19, 1021)\n","(41, 21, 1061)\n","(41, 23, 1105)\n","(41, 25, 1153)\n","(41, 27, 1205)\n","(41, 29, 1261)\n","(41, 31, 1321)\n","(41, 33, 1385)\n","(41, 35, 1453)\n","(41, 37, 1525)\n","(41, 39, 1601)\n","(41, 41, 1681)\n","(41, 43, 1765)\n","(41, 45, 1853)\n","(41, 47, 1945)\n","(41, 49, 2041)\n","(41, 51, 2141)\n","(41, 53, 2245)\n","(41, 55, 2353)\n","(41, 57, 2465)\n","(41, 59, 2581)\n","(41, 61, 2701)\n","(41, 63, 2825)\n","(41, 65, 2953)\n","(41, 67, 3085)\n","(41, 69, 3221)\n","(41, 71, 3361)\n","(41, 73, 3505)\n","(41, 75, 3653)\n","(41, 77, 3805)\n","(41, 79, 3961)\n","(41, 81, 4121)\n","(41, 83, 4285)\n","(41, 85, 4453)\n","(41, 87, 4625)\n","(41, 89, 4801)\n","(41, 91, 4981)\n","(41, 93, 5165)\n","(41, 95, 5353)\n","(41, 97, 5545)\n","(41, 99, 5741)\n","(42, 2, 884)\n","(42, 4, 890)\n","(42, 6, 900)\n","(42, 8, 914)\n","(42, 10, 932)\n","(42, 12, 954)\n","(42, 14, 980)\n","(42, 16, 1010)\n","(42, 18, 1044)\n","(42, 20, 1082)\n","(42, 22, 1124)\n","(42, 24, 1170)\n","(42, 26, 1220)\n","(42, 28, 1274)\n","(42, 30, 1332)\n","(42, 32, 1394)\n","(42, 34, 1460)\n","(42, 36, 1530)\n","(42, 38, 1604)\n","(42, 40, 1682)\n","(42, 42, 1764)\n","(42, 44, 1850)\n","(42, 46, 1940)\n","(42, 48, 2034)\n","(42, 50, 